FoamFile { format ascii; class dictionary; object blockMeshDict; }
scale 0.001;
vertices (
(0.0 0.0 0.0)
(5.0 0.0 0.0)
(7.0 0.0 0.0)
(20.0 0.0 0.0)
(0.0 5.0 0.0)
(5.0 5.0 0.0)
(7.0 5.0 0.0)
(20.0 5.0 0.0)
(0.0 7.0 0.0)
(5.0 7.0 0.0)
(7.0 7.0 0.0)
(20.0 7.0 0.0)
(0.0 20.0 0.0)
(5.0 20.0 0.0)
(7.0 20.0 0.0)
(20.0 20.0 0.0)
(0.0 0.0 4.0)
(5.0 0.0 4.0)
(7.0 0.0 4.0)
(20.0 0.0 4.0)
(0.0 5.0 4.0)
(5.0 5.0 4.0)
(7.0 5.0 4.0)
(20.0 5.0 4.0)
(0.0 7.0 4.0)
(5.0 7.0 4.0)
(7.0 7.0 4.0)
(20.0 7.0 4.0)
(0.0 20.0 4.0)
(5.0 20.0 4.0)
(7.0 20.0 4.0)
(20.0 20.0 4.0)
(0.0 0.0 6.0)
(5.0 0.0 6.0)
(7.0 0.0 6.0)
(20.0 0.0 6.0)
(0.0 5.0 6.0)
(5.0 5.0 6.0)
(7.0 5.0 6.0)
(20.0 5.0 6.0)
(0.0 7.0 6.0)
(5.0 7.0 6.0)
(7.0 7.0 6.0)
(20.0 7.0 6.0)
(0.0 20.0 6.0)
(5.0 20.0 6.0)
(7.0 20.0 6.0)
(20.0 20.0 6.0)
(0.0 0.0 10.0)
(5.0 0.0 10.0)
(7.0 0.0 10.0)
(20.0 0.0 10.0)
(0.0 5.0 10.0)
(5.0 5.0 10.0)
(7.0 5.0 10.0)
(20.0 5.0 10.0)
(0.0 7.0 10.0)
(5.0 7.0 10.0)
(7.0 7.0 10.0)
(20.0 7.0 10.0)
(0.0 20.0 10.0)
(5.0 20.0 10.0)
(7.0 20.0 10.0)
(20.0 20.0 10.0)
);
blocks (
hex (0 1 5 4 16 17 21 20) (20 20 16) simpleGrading (1 1 1)
hex (1 2 6 5 17 18 22 21) (8 20 16) simpleGrading (1 1 1)
hex (2 3 7 6 18 19 23 22) (52 20 16) simpleGrading (1 1 1)
hex (4 5 9 8 20 21 25 24) (20 8 16) simpleGrading (1 1 1)
hex (5 6 10 9 21 22 26 25) (8 8 16) simpleGrading (1 1 1)
hex (6 7 11 10 22 23 27 26) (52 8 16) simpleGrading (1 1 1)
hex (8 9 13 12 24 25 29 28) (20 52 16) simpleGrading (1 1 1)
hex (9 10 14 13 25 26 30 29) (8 52 16) simpleGrading (1 1 1)
hex (10 11 15 14 26 27 31 30) (52 52 16) simpleGrading (1 1 1)
hex (16 17 21 20 32 33 37 36) (20 20 8) simpleGrading (1 1 1)
hex (17 18 22 21 33 34 38 37) (8 20 8) simpleGrading (1 1 1)
hex (18 19 23 22 34 35 39 38) (52 20 8) simpleGrading (1 1 1)
hex (20 21 25 24 36 37 41 40) (20 8 8) simpleGrading (1 1 1)
hex (21 22 26 25 37 38 42 41) (8 8 8) simpleGrading (1 1 1)
hex (22 23 27 26 38 39 43 42) (52 8 8) simpleGrading (1 1 1)
hex (24 25 29 28 40 41 45 44) (20 52 8) simpleGrading (1 1 1)
hex (25 26 30 29 41 42 46 45) (8 52 8) simpleGrading (1 1 1)
hex (26 27 31 30 42 43 47 46) (52 52 8) simpleGrading (1 1 1)
hex (32 33 37 36 48 49 53 52) (20 20 16) simpleGrading (1 1 1)
hex (33 34 38 37 49 50 54 53) (8 20 16) simpleGrading (1 1 1)
hex (34 35 39 38 50 51 55 54) (52 20 16) simpleGrading (1 1 1)
hex (36 37 41 40 52 53 57 56) (20 8 16) simpleGrading (1 1 1)
hex (37 38 42 41 53 54 58 57) (8 8 16) simpleGrading (1 1 1)
hex (38 39 43 42 54 55 59 58) (52 8 16) simpleGrading (1 1 1)
hex (40 41 45 44 56 57 61 60) (20 52 16) simpleGrading (1 1 1)
hex (41 42 46 45 57 58 62 61) (8 52 16) simpleGrading (1 1 1)
hex (42 43 47 46 58 59 63 62) (52 52 16) simpleGrading (1 1 1)
);
edges ();
boundary (
inletX { type patch; faces (
(20 36 40 24)
); }
inletY { type patch; faces (
(17 18 34 33)
); }
inletPlates { type wall; faces (
(0 16 20 4)
(0 1 17 16)
(1 2 18 17)
(2 3 19 18)
(4 20 24 8)
(8 24 28 12)
(16 32 36 20)
(16 17 33 32)
(18 19 35 34)
(24 40 44 28)
(32 48 52 36)
(32 33 49 48)
(33 34 50 49)
(34 35 51 50)
(36 52 56 40)
(40 56 60 44)
); }
ambient { type patch; faces (
(0 4 5 1)
(1 5 6 2)
(3 7 23 19)
(2 6 7 3)
(4 8 9 5)
(5 9 10 6)
(7 11 27 23)
(6 10 11 7)
(12 28 29 13)
(8 12 13 9)
(13 29 30 14)
(9 13 14 10)
(11 15 31 27)
(14 30 31 15)
(10 14 15 11)
(19 23 39 35)
(23 27 43 39)
(28 44 45 29)
(29 45 46 30)
(27 31 47 43)
(30 46 47 31)
(48 49 53 52)
(49 50 54 53)
(35 39 55 51)
(50 51 55 54)
(52 53 57 56)
(53 54 58 57)
(39 43 59 55)
(54 55 59 58)
(44 60 61 45)
(56 57 61 60)
(45 61 62 46)
(57 58 62 61)
(43 47 63 59)
(46 62 63 47)
(58 59 63 62)
); }
);
mergePatchPairs ();
